1152 2537 0 2 UNCUT
1152 2857 0 1 UNCUT
1152 2921 0 0 UNCUT
1152 2922 0 2 UNCUT
1216 2665 0 3 UNCUT
1280 2537 0 0 UNCUT
1280 2601 0 0 UNCUT
1280 2602 0 2 UNCUT
1280 2921 0 0 UNCUT
1280 3113 0 3 UNCUT
1280 4073 0 0 UNCUT
1280 4137 0 1 UNCUT
1344 3049 0 0 UNCUT
1344 3050 0 2 UNCUT
1408 2537 0 1 UNCUT
1472 2921 0 1 UNCUT
1664 3113 0 2 UNCUT
1664 3305 0 0 UNCUT
1664 3306 0 2 UNCUT
1728 2985 0 2 UNCUT
1728 3241 0 2 UNCUT
1792 4073 0 0 UNCUT
1856 3113 0 0 UNCUT
1856 3114 0 2 UNCUT
2048 3433 0 1 UNCUT
2053 5428 0 2 UNCUT
2057 5422 0 1 UNCUT
2058 5422 0 1 UNCUT
2062 5428 0 0 UNCUT
2112 2729 0 2 UNCUT
2565 3124 0 2 UNCUT
2569 3118 0 1 UNCUT
2570 3118 0 1 UNCUT
2574 3124 0 0 UNCUT
2560 5417 0 3 UNCUT
2654 9766 0 3 UNCUT
3030 3852 0 2 UNCUT
3115 3859 0 1 UNCUT
3092 3957 0 2 UNCUT
3095 3957 0 0 UNCUT
3105 3958 0 3 UNCUT
3106 3958 0 3 UNCUT
3147 3727 0 1 UNCUT
3163 3736 0 0 UNCUT
3183 3733 0 1 UNCUT
3158 3951 0 1 UNCUT
3210 9898 0 1 UNCUT
3264 4649 0 3 UNCUT
3264 5673 0 0 UNCUT
3264 5674 0 2 UNCUT
3328 5545 0 3 UNCUT
3648 4009 0 1 UNCUT